train cross entropy
0.0001 [0.5432938447566615, 0.289082440743252, 0.21772162373349957, 0.18543249186490396, 0.16146290306947822, 0.1487983970619668, 0.13754331467667344, 0.128444327596213, 0.1220124364366352, 0.11595713396244288, 0.11204236890641874, 0.10964682906118679, 0.10536063574604854, 0.09977126203267178, 0.09998267461607074, 0.09741458598068889, 0.09672698187043301, 0.09431899577192378, 0.09083341898215602, 0.09006386705700506, 0.08859442529446653, 0.08632603887947375, 0.08828738273404609, 0.08532606396929224, 0.08333327681947278, 0.08448679011817263, 0.08382655301811553, 0.08051020796863263, 0.08174752815390082, 0.0796686287583976],
0.001 [0.2433595796550703, 0.14885148504124165, 0.13195487450469623, 0.11942979520577995, 0.11261503234926062, 0.10784886394361717, 0.1012708220082017, 0.10061226383458859, 0.10340147867191547, 0.09366811674123274, 0.09386645037926103, 0.08716176314787431, 0.08652046418582385, 0.0855505430259301, 0.082359864443634, 0.0828408595629994, 0.07901613059275577, 0.07680176859458786, 0.07758815285273854, 0.07770191016242048, 0.07647394979822225, 0.07253122950982897, 0.075491645586528, 0.07355458985395193, 0.07176421629410926, 0.07143043266568438, 0.06964067624280446, 0.06794929147046935, 0.06780499682344239, 0.06648653084674973],
0.01 [0.2660095711767113, 0.15639318586516904, 0.13446391278112943, 0.12163208070033023, 0.12519176365066098, 0.11270786763452063, 0.1108088607791823, 0.10098626469276542, 0.09838059518871636, 0.09308680156275023, 0.08985407797613862, 0.08988771216249017, 0.087455766678417, 0.0838838159384025, 0.08182573253084499, 0.08001482694593716, 0.08143073691750022, 0.08041955944045584, 0.08036039515068538, 0.07673340706522562, 0.07903233908560582, 0.07690911625619966, 0.07243797017208835, 0.07463046434250745, 0.07406896093515766, 0.07302375495153535, 0.07204301723025062, 0.07008795890968796, 0.07012785265811933, 0.0697911214025043],
0.1 [0.6273353381964106, 0.1862729430011821, 0.1577322575085589, 0.14112969382803267, 0.13178708303871572, 0.12199914378338847, 0.1171110298099189, 0.10918451369182443, 0.10726734876726114, 0.10922298606099753, 0.10849339192657262, 0.09849041149160331, 0.10343372597589762, 0.09732398640679715, 0.09666793302962773, 0.09797015627349806, 0.09279416076441917, 0.08900430487895086, 0.09273109134274964, 0.08828053964436242, 0.0898388599433869, 0.08841760996086843, 0.08773150318375202, 0.08572038564375575, 0.0850388374775181, 0.08157894779055096, 0.08276880233545662, 0.08020804093736092, 0.07861149290045227, 0.0771244892786289],
train iou
0.0001 [0.0, 0.0, 0.0, 0.0, 0.0, 0.0, 0.0, 0.0, 0.0, 0.0, 0.0, 0.0, 0.0, 0.0, 0.0, 0.0, 0.0, 0.0, 0.0, 0.0, 0.0, 0.0, 0.0, 0.0, 0.0, 0.0, 0.0, 0.0, 0.0, 0.0],
0.001 [0.0, 0.0, 0.0, 0.0, 0.0, 0.0, 0.0, 0.0, 0.0, 0.0, 0.0, 0.0, 0.0, 0.0, 0.0, 0.0, 0.0, 0.0, 0.0, 0.0, 0.0, 0.0, 0.0, 0.0, 0.0, 0.0, 0.0, 0.0, 0.0, 0.0],
0.01 [0.0, 0.0, 0.0, 0.0, 0.0, 0.0, 0.0, 0.0, 0.0, 0.0, 0.0, 0.0, 0.0, 0.0, 0.0, 0.0, 0.0, 0.0, 0.0, 0.0, 0.0, 0.0, 0.0, 0.0, 0.0, 0.0, 0.0, 0.0, 0.0, 0.0],
0.1 [0.0, 0.0, 0.0, 0.0, 0.0, 0.0, 0.0, 0.0, 0.0, 0.0, 0.0, 0.0, 0.0, 0.0, 0.0, 0.0, 0.0, 0.0, 0.0, 0.0, 0.0, 0.0, 0.0, 0.0, 0.0, 0.0, 0.0, 0.0, 0.0, 0.0],
evaluation cross entropy
0.0001 [0.4361893715875926, 0.28762496090852296, 0.28293096675322604, 0.2111590712061732, 0.19583968760875556, 0.2047706018219064, 0.18314083974003356, 0.1849832717097286, 0.17369615201985006, 0.1703536589067061, 0.16548204031728564, 0.19102805645474585, 0.18374394748237108, 0.17596006513515236, 0.1749236564059834, 0.193459730390664, 0.17001044220758446, 0.18689330588111946, 0.19559934440549914, 0.1746505740143004, 0.18150949464503663, 0.1654548575153281, 0.17203656794169012, 0.1524794618070344, 0.1842964910543882, 0.17459360376382485, 0.17235301167537004, 0.17906391484178466, 0.14163062298472548, 0.18223957875709393],
0.001 [0.20953068947726552, 0.1919262586059151, 0.19410358967034372, 0.17569346662487959, 0.16127093654849153, 0.16980268235826668, 0.16968737247881, 0.15205697939072774, 0.20317637849421727, 0.18474247069149227, 0.1766101606053747, 0.1685510960172166, 0.17506592679809738, 0.16255276362947274, 0.17604481992431176, 0.1555029190940298, 0.1840763564184035, 0.1841181667296441, 0.1741862082819799, 0.1696274213138081, 0.20140539104248578, 0.18480898216093852, 0.1694353060189621, 0.1753299254037085, 0.19014372095301912, 0.1770680729067806, 0.18088624874750772, 0.1777074083740458, 0.16807463617770227, 0.20607338490940275],
0.01 [0.2415608218956343, 0.19532850068130772, 0.20959366961713238, 0.16338456711380472, 0.20521743486434113, 0.19355651550677233, 0.1476195364262595, 0.17821686526576241, 0.17191750567147146, 0.16911875240968696, 0.19377909704442425, 0.20163969726953315, 0.15839245129417587, 0.17796318740635128, 0.18503344921402007, 0.20142000285915404, 0.185952868162494, 0.1810559493663547, 0.18422995163844183, 0.18073004063887474, 0.1934463470464661, 0.18639012041327718, 0.18472165655303788, 0.2084849577247005, 0.1737634362755241, 0.20233856250733245, 0.2005773254366585, 0.1989634056667705, 0.2056951424577734, 0.19141894458851097],
0.1 [0.21766338560170742, 0.18825603093638088, 0.1800734043776334, 0.20632067444178212, 0.1630475592318472, 0.17356599676303375, 0.18311242388063298, 0.17139835148067264, 0.18666505480642284, 0.18771909160928413, 0.17737627842705764, 0.19592608383177837, 0.16896709488643394, 0.1704574206591526, 0.1699781751348859, 0.1621495707458629, 0.19120794455537865, 0.1679280427567688, 0.15757608479195898, 0.17695130178561577, 0.20247471329820899, 0.20117169007276878, 0.23017970535344692, 0.16861884738062763, 0.19604720966719882, 0.17292631240118117, 0.19767966375246152, 0.1969464612312806, 0.19938259525395138, 0.18123724226986532],
evaluation iou
0.0001 [0.0, 0.0, 0.0, 0.0, 0.0, 0.0, 0.0, 0.0, 0.0, 0.0, 0.0, 0.0, 0.0, 0.0, 0.0, 0.0, 0.0, 0.0, 0.0, 0.0, 0.0, 0.0, 0.0, 0.0, 0.0, 0.0, 0.0, 0.0, 0.0, 0.0],
0.001 [0.0, 0.0, 0.0, 0.0, 0.0, 0.0, 0.0, 0.0, 0.0, 0.0, 0.0, 0.0, 0.0, 0.0, 0.0, 0.0, 0.0, 0.0, 0.0, 0.0, 0.0, 0.0, 0.0, 0.0, 0.0, 0.0, 0.0, 0.0, 0.0, 0.0],
0.01 [0.0, 0.0, 0.0, 0.0, 0.0, 0.0, 0.0, 0.0, 0.0, 0.0, 0.0, 0.0, 0.0, 0.0, 0.0, 0.0, 0.0, 0.0, 0.0, 0.0, 0.0, 0.0, 0.0, 0.0, 0.0, 0.0, 0.0, 0.0, 0.0, 0.0],
0.1 [0.0, 0.0, 0.0, 0.0, 0.0, 0.0, 0.0, 0.0, 0.0, 0.0, 0.0, 0.0, 0.0, 0.0, 0.0, 0.0, 0.0, 0.0, 0.0, 0.0, 0.0, 0.0, 0.0, 0.0, 0.0, 0.0, 0.0, 0.0, 0.0, 0.0],
